808
890
936
1054
1098
1792 al
1806 al
1818 al
1852 al
1885 al
1896 al
1920 al
1953 al
1971 al
1984 al
2063 al
2582
2757
2907
3296
3649
3660
3671
3682
3697
3749
4022
4122
5147 not complete
8059
8070
8213


808, 890, 936, 1054, 1098, 1792, 1806, 1818, 1852, 1885, 1896,
                                   1920, 1953, 1971, 1984, 2063, 2582, 2757, 2907, 3296, 3649, 3660,
                                   3671, 3682, 3697, 3749, 4022, 4122, 5147, 8059, 8070, 8213, 4187, 4129,
                                   877, 1208, 1832, 1935, 1997, 2652, 2737, 3186, 3627, 3793, 3904, 4067,
                                   4699, 4701, 4704, 4758, 4772, 5201, 5222, 5267, 7757, 7770, 7792, 7803,
                                   8048


